=== resnet18 Training Report ===

Model: resnet18
Final Training Accuracy: 12.51%
Final Validation Accuracy: 10.90%
Training History:
Epoch | Train Loss | Val Loss | Train Acc | Val Acc
------------------------------------------------------------
    1 |     2.3588 |   4.2403 |     10.02 |    9.40
    2 |     2.3339 |   2.3038 |     10.59 |   10.80
    3 |     2.3206 |   2.3163 |     10.34 |   10.93
    4 |     2.3104 |   2.3363 |     10.62 |   10.40
    5 |     2.3036 |   2.3037 |     10.73 |   10.56
    6 |     2.3002 |   2.3046 |     10.60 |   10.86
    7 |     2.2996 |   2.3212 |     10.61 |    9.58
    8 |     2.2954 |   2.2966 |     10.80 |   10.76
    9 |     2.2944 |   2.3001 |     11.33 |   10.65
   10 |     2.2939 |   2.2980 |     11.24 |   10.96
   11 |     2.2931 |   2.2927 |     11.03 |   11.44
   12 |     2.2919 |   2.2970 |     11.56 |   11.30
   13 |     2.2907 |   2.2995 |     11.64 |   10.05
   14 |     2.2906 |   2.3018 |     11.28 |   10.40
   15 |     2.2898 |   2.2915 |     11.26 |   10.96
   16 |     2.2855 |   2.2919 |     11.71 |   11.22
   17 |     2.2844 |   2.2975 |     11.85 |   11.71
   18 |     2.2842 |   2.2903 |     11.38 |   10.86
   19 |     2.2846 |   2.2894 |     11.56 |   10.86
   20 |     2.2830 |   2.3045 |     11.96 |   10.65
   21 |     2.2819 |   2.2895 |     12.24 |   10.96
   22 |     2.2794 |   2.2897 |     12.39 |   11.03
   23 |     2.2764 |   2.2872 |     12.69 |   11.00
   24 |     2.2777 |   2.2941 |     12.61 |   10.94
   25 |     2.2763 |   2.2931 |     12.72 |   10.82
   26 |     2.2733 |   2.2888 |     12.72 |   10.42
   27 |     2.2744 |   2.2877 |     12.51 |   10.90
