=== resnet18 Training Report ===

Model: resnet18
Final Training Accuracy: 95.85%
Final Validation Accuracy: 94.67%
Test Accuracy: 94.48%

Training History:
Epoch | Train Loss | Val Loss | Train Acc | Val Acc
------------------------------------------------------------
    1 |     1.0922 |   0.7978 |     61.92 |   71.52
    2 |     0.7342 |   1.6007 |     74.34 |   61.52
    3 |     0.5778 |   0.6974 |     80.18 |   76.63
    4 |     0.4728 |   0.4277 |     83.73 |   85.07
    5 |     0.3996 |   0.5054 |     86.40 |   83.04
    6 |     0.3507 |   0.4650 |     87.92 |   83.81
    7 |     0.3082 |   0.2907 |     89.53 |   89.96
    8 |     0.2789 |   0.3935 |     90.57 |   86.63
    9 |     0.2518 |   0.4320 |     91.37 |   84.81
   10 |     0.2329 |   0.3451 |     92.02 |   88.41
   11 |     0.2097 |   0.2416 |     92.80 |   91.70
   12 |     0.1927 |   0.1939 |     93.20 |   93.07
   13 |     0.1724 |   0.1841 |     94.14 |   93.81
   14 |     0.1612 |   0.2930 |     94.56 |   90.70
   15 |     0.1558 |   0.2583 |     94.50 |   92.26
   16 |     0.1483 |   0.1580 |     94.93 |   94.67
   17 |     0.1381 |   0.1225 |     95.35 |   95.48
   18 |     0.1321 |   0.2092 |     95.43 |   92.26
   19 |     0.1273 |   0.4760 |     95.65 |   85.78
   20 |     0.1164 |   0.1599 |     95.85 |   94.67
