============================================================
ADVPROP TRAINING REPORT
============================================================

Model: resnet18_advprop_epsilon0.02
Epsilon: 0.02
Alpha: 0.0050
Training Epochs: 30

FINAL METRICS:
----------------------------------------
Final Training Loss: 1.2097
Final Clean Training Accuracy: 98.60%
Final Adversarial Training Accuracy: 52.22%
Final Validation Accuracy: 95.31%

BEST METRICS:
----------------------------------------
Best Validation Accuracy: 95.31%
Best Epoch: 30

ACCURACY GAP ANALYSIS:
----------------------------------------
Initial Clean-Adv Gap: 12.53%
Final Clean-Adv Gap: 46.39%
Gap Reduction: -33.86%
Adv/Clean Ratio: 53.0%

TRAINING SUMMARY:
----------------------------------------
Epoch | Train Loss | Val Loss | Train Acc Clean | Train Acc Adv | Val Acc
--------------------------------------------------------------------------------
    1 |     3.6222 |   1.2455 |           36.07 |          23.54 |   48.58
    2 |     2.6543 |   0.7045 |           65.48 |          30.95 |   74.43
    3 |     2.3510 |   0.5542 |           75.46 |          33.54 |   80.28
    4 |     2.2301 |   0.5132 |           79.53 |          34.37 |   82.28
    5 |     2.0781 |   0.5715 |           82.38 |          37.02 |   80.14
    6 |     1.9982 |   0.4217 |           84.43 |          38.08 |   85.09
    7 |     1.9202 |   0.4055 |           85.96 |          39.05 |   85.35
    8 |     1.8685 |   0.3728 |           87.18 |          39.72 |   87.45
    9 |     1.8271 |   0.3818 |           88.57 |          40.24 |   87.15
   10 |     1.8025 |   0.3238 |           89.35 |          40.32 |   88.64
   11 |     1.7439 |   0.3732 |           90.46 |          41.18 |   88.12
   12 |     1.7181 |   0.2945 |           90.60 |          42.61 |   90.09
   13 |     1.6790 |   0.2700 |           91.81 |          42.86 |   91.03
   14 |     1.6695 |   0.2747 |           91.83 |          43.51 |   90.68
   15 |     1.6477 |   0.2778 |           92.21 |          42.77 |   90.90
   16 |     1.6155 |   0.2437 |           92.35 |          44.26 |   91.50
   17 |     1.5879 |   0.2379 |           92.99 |          44.17 |   92.36
   18 |     1.5835 |   0.2573 |           93.19 |          43.96 |   92.05
   19 |     1.5342 |   0.3044 |           93.71 |          45.69 |   90.69
   20 |     1.5379 |   0.2735 |           94.16 |          44.97 |   90.79
   21 |     1.5274 |   0.2477 |           93.88 |          46.06 |   91.91
   22 |     1.4016 |   0.2018 |           96.08 |          47.88 |   93.77
   23 |     1.3716 |   0.1913 |           96.58 |          48.58 |   94.07
   24 |     1.3967 |   0.1965 |           96.73 |          47.06 |   94.61
   25 |     1.3481 |   0.2126 |           96.73 |          49.34 |   94.01
   26 |     1.3367 |   0.2002 |           96.79 |          49.15 |   93.56
   27 |     1.3099 |   0.1921 |           97.00 |          50.24 |   94.58
   28 |     1.3239 |   0.1905 |           97.13 |          49.81 |   94.10
   29 |     1.2341 |   0.1832 |           98.31 |          52.00 |   95.03
   30 |     1.2097 |   0.1746 |           98.60 |          52.22 |   95.31
