=== resnet18 Training Report ===

Model: resnet18
Final Training Accuracy: 12.20%
Final Validation Accuracy: 11.33%
Training History:
Epoch | Train Loss | Val Loss | Train Acc | Val Acc
------------------------------------------------------------
    1 |     2.3676 |   2.3387 |     10.14 |   10.22
    2 |     2.3348 |  10.3938 |     10.37 |    9.91
    3 |     2.3270 |   2.4960 |     10.34 |   10.99
    4 |     2.3157 |   2.3077 |     10.79 |   10.20
    5 |     2.3174 |   2.3096 |     11.05 |   10.85
    6 |     2.3099 |   2.3051 |     10.62 |   11.10
    7 |     2.3069 |   2.3049 |     10.67 |   10.48
    8 |     2.3023 |   2.3119 |     11.46 |   10.51
    9 |     2.3010 |   2.3056 |     10.91 |   11.11
   10 |     2.2991 |   2.2984 |     11.38 |   11.65
   11 |     2.2989 |   2.3022 |     11.08 |   10.93
   12 |     2.2960 |   2.2996 |     11.16 |    9.65
   13 |     2.2953 |   2.2989 |     11.08 |   11.59
   14 |     2.2931 |   2.3022 |     11.03 |   10.86
   15 |     2.2881 |   2.2949 |     11.71 |   11.44
   16 |     2.2874 |   2.2928 |     11.62 |   11.08
   17 |     2.2874 |   2.2949 |     11.83 |   11.48
   18 |     2.2859 |   2.2916 |     11.53 |   11.70
   19 |     2.2837 |   2.3371 |     11.33 |   11.19
   20 |     2.2840 |   2.3049 |     11.36 |   11.11
   21 |     2.2832 |   2.2943 |     11.83 |   10.91
   22 |     2.2855 |   2.2898 |     11.63 |   11.51
   23 |     2.2807 |   2.2901 |     11.85 |   11.03
   24 |     2.2789 |   2.2854 |     11.71 |   11.30
   25 |     2.2780 |   2.2873 |     11.56 |   10.65
   26 |     2.2758 |   2.2886 |     11.94 |   10.90
   27 |     2.2743 |   2.2997 |     12.08 |   11.68
   28 |     2.2730 |   2.2897 |     12.20 |   11.33
